82
172
40
13
13
54
101207603
246199038
1310490814
977997154
292321133
1024832400
542319299
186900391
583998
1280644950
919634518
273079607
1233153449
761203953
205880924
567491
1355308939
799833328
152429892
1276709880
825601717
204138054
948776264
290288710
786364844
49581781
1204952833
824288676
170950914
885958149
390877416
75974581
30024
1315084507
777456037
83383002
1028992247
485460342
61207159
296076300
1290586169
676886727
13349140
1136596413
546103335
55235168
518934540
1211810335
517992897
1290088633
1092550406
569713996
32521278
598658914
101373011
399976847
1288173431
1149283322
490011294
2853554
823822813
308334857
6658071
1332148310
1218120868
399473566
1271132277
828845530
424020442
8462280
1402972440
993557758
256472314
1334208411
805363907
301136515
32457
204844239
1017333387
121754532
1253793653
839525427
177519486
972273575
592147890
49246699
27721992
1395713849
735977823
170160968
863010083
