2
36
0
1
0
52
0
20
0
36
0
48
2412
0
610
0
1570
40
1836
0
63
168
302556
9583488
0
815492973
211962468
390973403
273419699
457126830
165317914
367022194
230253865
24736749
464842323
462090133
572337028
197902248
628615906
377471513
247003845
321552291
850792131
491103049
761090100
148915587
738411514
874034150
272601298
50770374
318707618
187469278
494880503
61220582
532052404
973531319
136440683
777443157
857360435
721430344
651097919
566705853
64753081
267775993
785754333
40326134
647561191
530477564
586486287
430214448
168270494
816489508
331165488
