0.5
0
0.414214
0.354839
1
0.414214
0.3
0.940707
1
0.961611
0.96564
0.978488
0.968637
0.982671
0.99437
0.997288
0.999687
0.950377
0.973654
0.967816
0.970891
0.989571
1
0.998031
0.938976
0.963702
0.953599
0.975493
0.965217
0.975712
0.999837
1
0.974316
0.951114
0.949347
0.984232
0.985366
0.988127
0.990192
0.995261
0.960165
0.960198
0.99298
0.971543
0.982374
0.977996
1
1
1
0.944985
0.960568
0.971747
0.993958
0.995028
1
0.982298
0.941301
1
0.955283
0.97597
0.988786
0.991829
0.992522
0.94394
0.962524
1
0.989908
0.981239
0.983814
0.993118
0.993429
0.928254
0.932134
0.995385
1
0.976372
0.979899
0.993258
0.989809
1
0.98373
0.970656
0.970943
0.976848
0.984377
0.994642
0.960023
0.964
0.978786
0.977409
0.992353
1
0.977911
1
0.926861
1
1
0.985566
0.9689
1
0.987027
0.995512
0.931115
0.935795
0.981794
1
1
0.991269
